26
30
15
12
20
33
65
27
42
12
52
70
50
19
53
60
71
85
81
47
72
32
57
35
66
83
7
35
5
41
57
20
47
90
32
97
36
42
47
21
55
52
12
16
86
59
71
47
46
56
26
100
22
37
72
62
67
3
6
51
7
84
30
100
72
66
19
34
52
44
55
64
14
74
82
52
1
85
13
58
47
68
59
36
78
100
35
17
66
63
63
41
93
41
81
64
51
37
70
100
30
60
18
94
74
52
26
77
50
100
74
42
2
69
97
68
94
45
58
84
47
94
52
68
80
21
49
61
4
27
70
69
84
60
3
7
73
99
78
68
40
16
27
35
35
29
7
98
8
44
43
57
7
89
42
62
7
57
14
55
59
47
77
48
96
28
17
7
44
92
98
8
27
18
78
49
49
83
69
49
42
55
6
76
38
94
95
41
77
82
52
77
59
99
66
19
76
97
61
70
39
50
87
58
33
36
42
95
39
25
61
54
34
3
26
25
31
67
34
4
19
27
96
83
39
91
72
36
84
49
50
87
66
49
63
54
22
39
47
9
51
97
79
54
57
10
95
76
27
21
38
16
9
25
38
54
72
31
22
53
44
83
87
93
77
65
48
66
86
94
56
31
80
93
65
9
43
58
2
61
36
51
80
81
29
99
7
56
73
76
78
90
61
49
16
48
83
75
49
14
62
64
40
63
62
96
20
72
16
50
51
30
29
55
55
95
2
29
92
62
34
25
17
36
98
96
55
28
13
13
3
80
78
48
6
86
26
73
22
14
62
71
98
39
49
59
59
100
4
75
18
70
74
47
16
56
55
51
73
57
71
85
76
14
75
86
79
49
83
90
95
11
19
79
19
96
20
35
58
14
6
36
10
41
27
72
53
89
58
20
60
14
100
19
90
80
99
83
89
5
16
95
63
8
12
60
78
26
44
41
6
22
51
29
16
93
38
27
99
4
77
45
57
95
54
86
76
8
91
96
78
12
21
50
97
16
28
54
80
35
57
87
36
4
94
80
39
96
50
40
56
19
61
27
3
56
86
38
43
92
52
43
58
57
49
15
46
18
6
43
25
70
5
76
64
51
91
30
9
8
62
96
69
54
34
42
20
85
60
8
11
56
54
37
79
16
7
98
48
29
73
75
92
68
26
93
95
88
97
55
34
38
61
13
60
10
41
45
79
73
58
3
89
29
75
100
17
2
77
8
23
24
49
90
79
19
8
23
39
47
63
46
36
27
33
13
80
80
77
50
78
15
71
1
44
83
17
23
82
17
4
94
77
16
63
13
75
25
47
57
59
49
10
64
79
70
52
81
25
20
98
25
41
94
50
50
43
19
20
18
24
85
19
8
97
60
73
77
33
80
99
5
42
98
54
65
86
53
61
96
16
55
46
70
8
37
27
77
98
43
33
75
22
72
97
98
46
71
66
35
30
65
68
82
92
17
61
39
26
20
75
58
42
72
60
34
89
86
55
83
42
52
49
3
20
14
60
10
39
64
89
52
18
93
15
85
28
2
14
30
43
2
84
59
25
25
35
15
46
90
54
34
20
15
26
82
36
61
94
70
44
92
27
75
58
21
53
4
69
59
70
48
48
54
76
43
37
13
77
65
50
97
4
23
24
84
83
20
95
66
32
61
27
82
9
86
64
16
12
82
61
55
5
40
38
44
74
62
81
19
4
87
73
72
2
12
80
47
36
87
54
30
94
96
14
15
22
65
37
28
21
11
67
75
29
34
99
29
66
63
98
62
75
15
61
21
92
6
4
64
23
94
75
60
42
18
15
30
65
76
4
71
43
99
69
35
27
17
4
14
43
87
86
35
15
99
88
71
21
1
63
50
83
90
68
22
73
4
32
78
46
98
15
94
58
89
9
52
61
38
23
15
81
16
15
64
1
58
55
87
94
60
46
71
20
8
54
80
72
29
81
5
86
4
63
96
30
87
83
92
84
56
4
13
55
14
71
73
37
64
8
59
49
47
28
33
73
34
82
32
3
37
82
47
35
92
86
8
12
49
85
8
72
54
10
4
37
57
57
19
83
52
65
98
32
77
65
54
40
68
44
74
3
7
45
46
98
21
28
7
50
59
10
25
37
84
43
7
54
17
67
69
11
60
60
39
93
32
66
29
21
80
37
72
94
79
95
3
94
46
20
94
11
80
100
38
82
56
80
14
85
25
11
76
77
91
13
82
9
71
27
35
34
9
9
81
39
38
89
48
3
54
26
7
19
24
81
32
68
69
6
61
60
84
89
92
80
51
62
53